.Random.seed <-
c(403L, 10L, -2072960595L, -294845081L, -61599090L, 1933867880L, 
-871480469L, 575839497L, 634811288L, -1651686714L, 1238026273L, 
1687968947L, -73966046L, 1935163412L, -2053708649L, -644428147L, 
1817411492L, -557923958L, -2134925835L, -2113621937L, -623212714L, 
-1788559872L, 31485763L, 1042867937L, 637379664L, -1984222034L, 
850958425L, 1049073771L, -1765933606L, -1772951908L, 1956493471L, 
121058037L, 265711500L, -1887060382L, 1656136253L, 1845226679L, 
-1376685218L, 886429336L, 2002261499L, -243726439L, 1189965864L, 
303970518L, -325173935L, 2048871427L, 1770722194L, 1392869668L, 
1210857447L, -166278083L, -1904608588L, 864721178L, -269682075L, 
-556617985L, -1089932410L, -268954352L, 2147306931L, -1874989487L, 
62705152L, -553415970L, -1597929175L, -556460837L, 1844458474L, 
1051681676L, 562029775L, 1149832325L, 1087440700L, -1455770094L, 
1141445901L, -715702713L, -1189166034L, -1996347000L, 1894371467L, 
-1637733783L, 2026698296L, 1969360614L, -260380031L, -1993968109L, 
1491739074L, 222055028L, -830329737L, 27759981L, -1879053820L, 
-2055648982L, -31449451L, 411383087L, 1391677494L, 1910342752L, 
-2033980765L, -1993572927L, -465446480L, -645855026L, 1979463225L, 
-294459317L, 1679653370L, 1958294780L, 1660770623L, 1223128597L, 
178685228L, 569157122L, 2002459869L, -1722800169L, 391983806L, 
-1519614728L, -849962277L, 1505878329L, 1221059720L, 566035510L, 
-1437884303L, -1661586781L, 1446283250L, -2126386364L, 1942447111L, 
-963591715L, 1751817940L, -2123775494L, 1635708229L, -1935828577L, 
1756547878L, 479998896L, -925597613L, -465781903L, 1069525664L, 
-467861954L, -1773750967L, 1897442299L, 1194315722L, 543908140L, 
-2139521745L, 2083578853L, 1803082396L, 1109155570L, -1606324371L, 
152668327L, -89191730L, -1356752856L, -740064213L, -992434615L, 
1134424L, -424187386L, 1236145121L, 1468903795L, -315735582L, 
1207235924L, -295285673L, -487739315L, 738014180L, -1181126198L, 
-1369425867L, 1847023247L, -1952626794L, 2019879744L, 977995267L, 
-2048508895L, 528215824L, 829342958L, 1673186457L, 1314130219L, 
863412250L, -390980900L, -2099868961L, -109407051L, 2021786188L, 
38399650L, -1908836867L, 1827659511L, 482678814L, 1107565272L, 
-1801482693L, 1281825753L, 1951435112L, 980082838L, 843791889L, 
922843075L, 1183165394L, -1796049308L, 925836711L, 811039485L, 
-1713365260L, -1715414566L, -612614875L, -781816769L, 1915108294L, 
839989328L, -386730893L, -254781295L, -1105106752L, 1490551454L, 
1595170409L, 1886998171L, 311911338L, -935245876L, -1500177777L, 
-1481444667L, 1573001852L, 552924882L, -25804211L, 118017799L, 
-1562471698L, 1004480456L, -1950373685L, 795687209L, -1534566024L, 
-742725978L, 964964545L, -1971676845L, -1991391742L, 344948532L, 
1885777079L, 886373549L, -1421186620L, -793441814L, 545617493L, 
-1844418577L, -1227671562L, 738226464L, -743932189L, 599631745L, 
1154769392L, 1005346958L, -526989319L, 404479371L, 949455290L, 
1694156988L, 1718791167L, 1060936021L, -165879188L, 2115389122L, 
-1125674723L, -1796724841L, 1866572542L, 1356030900L, -1131153390L, 
64505312L, 212301772L, 1746895072L, 163821602L, -1684655832L, 
-1046213108L, -1577007300L, 1844360178L, 888081136L, 1800441412L, 
591991384L, -1919631558L, -500591120L, -251013444L, 1085700372L, 
-376270142L, 1784013920L, -1374309508L, -61093936L, 769274146L, 
-1696875864L, -1445209204L, -1159427908L, 1940283186L, 221276736L, 
-1195991884L, -1933258168L, 2006037946L, -413761008L, -1145625876L, 
-2135522988L, 1693376786L, 1372294560L, 297013964L, -993599904L, 
-880887870L, -745400536L, 1003720620L, 370250556L, 342518130L, 
-56288464L, 970464548L, -515544264L, -714060070L, 131254160L, 
480472828L, 1761377172L, -1679847358L, 1351062784L, -923098052L, 
-1213800112L, -469450590L, -223637176L, -279542004L, 711492316L, 
-184836782L, -651062144L, 157208660L, -17715224L, 1414719738L, 
-688465072L, -1761075412L, -1754920588L, -1876489326L, 595433568L, 
-335315572L, -1363600544L, -986514974L, -272223320L, 945714380L, 
1287237628L, -1672936014L, -950184464L, 1682049988L, 1923749208L, 
1839708538L, 1015030704L, -918849092L, 958802004L, 202000322L, 
-1185288160L, 649504956L, 20791888L, -346790942L, 1821605992L, 
-1968671668L, -587609860L, -1681159182L, -299136768L, 653914484L, 
-694420472L, 1187753914L, -1459027504L, 1212328940L, -1420324460L, 
-1605611054L, -308788896L, -993968308L, 1376082208L, 1996058498L, 
-276062488L, 127701228L, 554587196L, -1004803214L, -345751952L, 
-585673692L, -1304376520L, -913593190L, -609733936L, -448659268L, 
-1990848876L, -2102057342L, -1765214016L, 1980412732L, 1849965712L, 
-716759518L, -1442021368L, -141116148L, 1629314204L, 1549205010L, 
-970465408L, 22466068L, 1995631144L, 1624606010L, -2101618224L, 
483169388L, 1800640820L, 1379681938L, 357854048L, -1686936756L, 
1383094240L, -11384926L, -998037592L, -1935774324L, -815683396L, 
250734962L, 623736048L, 103276612L, 1950830936L, -1226181062L, 
-1216152720L, -1819551684L, 2061573908L, 1173517762L, 2113985248L, 
1276397436L, -1065922864L, -1612056414L, -160605144L, 592291084L, 
-828528708L, 1512925490L, -2058212928L, -1763284428L, 2140933064L, 
-1372907334L, -1108190832L, 428814828L, 1641284180L, 74965138L, 
-1095254240L, 702089676L, 545486304L, 544528066L, -147282904L, 
513028780L, -1984510788L, 1252497906L, -1719983824L, -1699924828L, 
-179591496L, 1481755994L, 1555244432L, -18730116L, 1173543188L, 
-55119038L, -863462656L, 1291098044L, 103980880L, -1949293790L, 
1719139656L, 1568201228L, -1019070372L, 1153420498L, -767370752L, 
-256881324L, 1589287400L, -1710244870L, -767528752L, 1414053164L, 
1910256372L, 595003794L, 103461984L, 1994859788L, 1651847904L, 
1039296866L, 762497704L, -1410067892L, -1374125700L, -1149041358L, 
510742640L, 2028484420L, -1128485416L, 1790590074L, 219188784L, 
-365065540L, -1461760172L, -874032062L, 1671081376L, 1709308604L, 
1676638672L, 2057596258L, -301256728L, 21153740L, 973225724L, 
1171939826L, -961533824L, 1921365236L, -2032912760L, 155715386L, 
1254740816L, 1842042476L, 392302740L, -2097135278L, -1352769824L, 
1134340544L, 725240361L, 1696673435L, -1643866260L, 869986170L, 
-1550567249L, -1298771015L, 1682830798L, -1638407908L, -1874910067L, 
73885943L, -563092480L, 975595102L, 800471339L, -1639101907L, 
872618650L, 1273382488L, 1365223873L, 896685683L, 1610257300L, 
-1348269534L, -629754569L, -1104366591L, 1156397318L, -393261756L, 
-704778123L, 1089724895L, 1592970552L, -1248723178L, -2022170845L, 
-158819099L, 400140546L, -1348015248L, -766868711L, 388338443L, 
-1974165508L, -1714906070L, 1382338655L, -1999284247L, -1782408962L, 
42682604L, -1248244675L, -1053130745L, -298271760L, -1371089010L, 
2133960123L, 1626825629L, -483534518L, 1205973352L, 200374097L, 
1299293251L, 2115685700L, -1114788366L, 1497294791L, -681973359L, 
1517878550L, 877225332L, 1818305541L, -1396210609L, -706570168L, 
-979300890L, -192929005L, -241552267L, 1199951442L, -805050208L, 
869147017L, 1429533115L, 672083468L, -244549734L, 1565572879L, 
-1466170023L, -810549266L, 220710524L, 1173638893L, -866305641L, 
-1133137312L, 1322993726L, -247140085L, 247833485L, 1498677434L, 
1846544120L, -798167903L, -183977901L, -108412044L, 718233858L, 
1381998999L, 1856797537L, 1537523622L, -1108072028L, 1327878229L, 
-1452038913L, -1241478760L, -748645706L, -495563965L, -626403707L, 
-883238110L, -764698608L, 746568633L, -212923285L, 865390428L, 
1338226314L, -841854337L, -1638999095L, -100128674L, 1690540812L, 
1972830941L, -1466766361L, 252137488L, -358310610L, 1305285083L, 
-1602730307L, 1275687978L, -757898040L, 556089841L, -1848897693L, 
-130902172L, 868052626L, 933063527L, -1956178639L, 544042614L, 
1502015380L, -359429211L, -2045625169L, -763285144L, 1836284230L, 
-1754230541L, -717353387L, -1134529998L, 1009565696L, -360520471L, 
87532379L, 2067170732L, 1962843578L, 1285712751L, -1583919879L, 
1938346382L, -1762352036L, -853805363L, 1558422071L, -42055488L, 
97515422L, 1850399851L, -1873773587L, 506895962L, 1930846488L, 
